<TICKER>,<PER>,<DATE>,<TIME>,<OPEN>,<HIGH>,<LOW>,<CLOSE>,<VOL>
SBCB,D,20190208,000000,1010.2000000,1010.2000000,1003.0000000,1003.0000000,843
SBCB,D,20190211,000000,1001.0000000,1003.6000000,997.8000000,1003.6000000,547
SBCB,D,20190212,000000,1023.6000000,1023.6000000,1000.0000000,1002.6000000,425
SBCB,D,20190213,000000,1000.2000000,1004.0000000,1000.2000000,1002.0000000,207
SBCB,D,20190214,000000,1009.4000000,1018.4000000,1009.4000000,1017.2000000,291
SBCB,D,20190215,000000,1014.0000000,1015.6000000,1009.8000000,1013.8000000,416
SBCB,D,20190218,000000,1034.0000000,1034.0000000,1005.0000000,1007.0000000,440
SBCB,D,20190219,000000,1004.0000000,1009.2000000,1004.0000000,1006.6000000,2233
SBCB,D,20190220,000000,1005.0000000,1005.0000000,1000.0000000,1000.0000000,697
SBCB,D,20190221,000000,1001.2000000,1001.2000000,996.0000000,997.2000000,809
SBCB,D,20190222,000000,1000.0000000,1001.0000000,994.0000000,997.4000000,2016
SBCB,D,20190225,000000,1010.0000000,1010.0000000,986.8000000,998.4000000,690
SBCB,D,20190226,000000,1005.0000000,1006.4000000,999.2000000,1006.4000000,603
SBCB,D,20190227,000000,1002.4000000,1009.4000000,1001.2000000,1005.4000000,645
SBCB,D,20190228,000000,996.2000000,1009.8000000,996.2000000,1006.8000000,1043
SBCB,D,20190301,000000,1009.4000000,1024.0000000,1003.6000000,1005.0000000,603
SBCB,D,20190304,000000,1017.0000000,1017.0000000,998.8000000,1002.8000000,641
SBCB,D,20190305,000000,1005.4000000,1005.4000000,1000.6000000,1003.0000000,597
SBCB,D,20190306,000000,1005.0000000,1011.8000000,1000.4000000,1011.0000000,609
SBCB,D,20190307,000000,1018.0000000,1018.0000000,1000.4000000,1011.6000000,331
SBCB,D,20190311,000000,1011.2000000,1014.4000000,1010.2000000,1013.4000000,510
SBCB,D,20190312,000000,1027.8000000,1028.0000000,1007.6000000,1010.4000000,601
SBCB,D,20190313,000000,1008.8000000,1009.0000000,1004.6000000,1006.4000000,526
SBCB,D,20190314,000000,997.6000000,1017.4000000,997.6000000,1009.6000000,646
SBCB,D,20190315,000000,1008.8000000,1008.8000000,1003.0000000,1004.0000000,666
SBCB,D,20190318,000000,1001.2000000,1001.2000000,985.8000000,991.4000000,2758
SBCB,D,20190319,000000,1011.2000000,1031.4000000,977.2000000,991.2000000,830
SBCB,D,20190320,000000,997.2000000,997.2000000,983.4000000,991.2000000,577
SBCB,D,20190321,000000,999.0000000,999.0000000,979.2000000,987.0000000,1091
SBCB,D,20190322,000000,997.8000000,999.0000000,986.0000000,999.0000000,428
SBCB,D,20190325,000000,998.0000000,998.0000000,991.2000000,991.2000000,623
SBCB,D,20190326,000000,996.6000000,998.0000000,991.2000000,996.4000000,699
SBCB,D,20190327,000000,998.0000000,1006.4000000,992.2000000,1003.0000000,1152
SBCB,D,20190328,000000,992.2000000,1010.2000000,992.2000000,1005.6000000,693
SBCB,D,20190329,000000,1025.6000000,1025.6000000,1000.0000000,1015.0000000,1197
SBCB,D,20190401,000000,1023.8000000,1023.8000000,1003.4000000,1013.6000000,497
SBCB,D,20190402,000000,1010.8000000,1015.8000000,1008.8000000,1015.6000000,439
SBCB,D,20190403,000000,1002.0000000,1019.8000000,1002.0000000,1008.2000000,529
SBCB,D,20190404,000000,1014.0000000,1016.6000000,1010.4000000,1013.2000000,1012
SBCB,D,20190405,000000,1016.0000000,1045.0000000,1010.4000000,1012.0000000,968
SBCB,D,20190408,000000,1010.4000000,1015.2000000,1007.8000000,1007.8000000,762
SBCB,D,20190409,000000,1027.8000000,1036.0000000,1004.0000000,1009.2000000,968
SBCB,D,20190410,000000,1023.0000000,1023.0000000,1001.0000000,1001.0000000,1291
SBCB,D,20190411,000000,998.4000000,1017.8000000,998.2000000,1000.4000000,643
SBCB,D,20190412,000000,1003.0000000,1003.2000000,995.0000000,997.0000000,417
SBCB,D,20190415,000000,1006.4000000,1007.0000000,995.2000000,998.2000000,514
SBCB,D,20190416,000000,1004.4000000,1004.4000000,995.4000000,1000.2000000,167
SBCB,D,20190417,000000,1003.6000000,1003.6000000,997.0000000,998.8000000,531
SBCB,D,20190418,000000,999.0000000,1002.8000000,998.2000000,1000.8000000,508
SBCB,D,20190419,000000,1003.0000000,1004.0000000,948.6000000,1000.6000000,954
SBCB,D,20190422,000000,1001.8000000,1002.0000000,997.2000000,999.8000000,469
SBCB,D,20190423,000000,995.6000000,1000.4000000,995.6000000,1000.4000000,479
SBCB,D,20190424,000000,999.6000000,1008.0000000,999.6000000,1006.4000000,1750
SBCB,D,20190425,000000,1012.6000000,1016.8000000,1012.2000000,1015.4000000,568
SBCB,D,20190426,000000,995.2000000,1016.4000000,995.2000000,1016.4000000,2118
SBCB,D,20190429,000000,1016.6000000,1016.6000000,1000.2000000,1010.8000000,489
SBCB,D,20190430,000000,1010.0000000,1010.4000000,1006.0000000,1010.4000000,2582
SBCB,D,20190502,000000,996.6000000,1026.6000000,996.6000000,1024.0000000,301
SBCB,D,20190503,000000,1043.8000000,1043.8000000,1023.0000000,1024.0000000,318
SBCB,D,20190506,000000,1030.0000000,1030.0000000,1022.0000000,1025.0000000,678
SBCB,D,20190507,000000,1021.2000000,1030.0000000,1021.2000000,1026.2000000,1210
SBCB,D,20190508,000000,1025.4000000,1026.0000000,1020.0000000,1020.2000000,1968
SBCB,D,20190510,000000,1023.4000000,1026.4000000,1021.6000000,1023.0000000,485
SBCB,D,20190513,000000,1029.8000000,1029.8000000,1020.2000000,1028.6000000,376
SBCB,D,20190514,000000,1020.2000000,1040.6000000,1020.2000000,1021.2000000,1327
SBCB,D,20190515,000000,1020.0000000,1020.0000000,1013.6000000,1014.2000000,606
SBCB,D,20190516,000000,1015.4000000,1035.0000000,1013.2000000,1015.6000000,1283
SBCB,D,20190517,000000,1015.6000000,1020.4000000,1015.6000000,1019.0000000,1862
SBCB,D,20190520,000000,1017.6000000,1019.6000000,1015.4000000,1018.0000000,968
SBCB,D,20190521,000000,1018.0000000,1028.0000000,1014.6000000,1016.0000000,477
SBCB,D,20190522,000000,1010.2000000,1030.6000000,1010.2000000,1014.8000000,801
SBCB,D,20190523,000000,1013.0000000,1019.4000000,1011.6000000,1014.6000000,1317
SBCB,D,20190524,000000,1016.4000000,1016.4000000,1012.0000000,1013.2000000,1064
SBCB,D,20190527,000000,1018.2000000,1018.2000000,1015.4000000,1017.0000000,563
SBCB,D,20190528,000000,1019.6000000,1021.2000000,1017.6000000,1020.8000000,727
SBCB,D,20190529,000000,1025.0000000,1031.4000000,1022.8000000,1026.8000000,752
SBCB,D,20190530,000000,1035.0000000,1069.8000000,1020.0000000,1026.4000000,769
SBCB,D,20190531,000000,1034.2000000,1046.0000000,1025.4000000,1027.8000000,234
SBCB,D,20190603,000000,1033.0000000,1035.0000000,1026.8000000,1030.2000000,669
SBCB,D,20190604,000000,1027.4000000,1034.8000000,1020.6000000,1028.4000000,748
SBCB,D,20190605,000000,1029.4000000,1031.8000000,1026.0000000,1030.0000000,797
SBCB,D,20190606,000000,1032.4000000,1032.4000000,1028.6000000,1031.2000000,1313
SBCB,D,20190607,000000,1034.0000000,1034.6000000,1026.0000000,1027.6000000,579
SBCB,D,20190610,000000,1025.6000000,1026.0000000,1024.2000000,1025.2000000,503
SBCB,D,20190611,000000,1028.0000000,1028.0000000,1021.0000000,1024.0000000,1012
SBCB,D,20190613,000000,1021.8000000,1028.2000000,1021.8000000,1025.6000000,670
SBCB,D,20190614,000000,1025.0000000,1025.0000000,1020.0000000,1023.0000000,443
SBCB,D,20190617,000000,1025.0000000,1043.4000000,1016.8000000,1022.2000000,1091
SBCB,D,20190618,000000,1019.2000000,1023.6000000,1017.6000000,1019.2000000,625
SBCB,D,20190619,000000,1015.4000000,1020.4000000,1015.0000000,1018.2000000,1685
SBCB,D,20190620,000000,1022.4000000,1022.4000000,1009.8000000,1010.0000000,2181
SBCB,D,20190621,000000,1014.8000000,1014.8000000,1009.0000000,1014.0000000,1239
SBCB,D,20190624,000000,1009.6000000,1014.8000000,1003.6000000,1004.0000000,846
SBCB,D,20190625,000000,1002.2000000,1009.0000000,996.2000000,1004.6000000,1696
SBCB,D,20190626,000000,992.4000000,1009.8000000,992.4000000,1006.6000000,3430
SBCB,D,20190627,000000,1008.0000000,1008.4000000,1004.2000000,1007.6000000,690
SBCB,D,20190628,000000,1007.6000000,1009.0000000,1004.0000000,1005.2000000,368
SBCB,D,20190701,000000,1005.0000000,1011.6000000,992.8000000,1005.8000000,917
SBCB,D,20190702,000000,1010.0000000,1013.2000000,1007.2000000,1011.6000000,277
SBCB,D,20190703,000000,1015.0000000,1022.2000000,1015.0000000,1020.0000000,1284
SBCB,D,20190704,000000,1015.0000000,1020.6000000,1010.0000000,1019.8000000,821
SBCB,D,20190705,000000,1015.2000000,1024.2000000,1010.2000000,1021.2000000,591
SBCB,D,20190708,000000,1020.0000000,1035.0000000,1020.0000000,1020.2000000,387
SBCB,D,20190709,000000,1029.8000000,1029.8000000,1020.8000000,1024.2000000,188
SBCB,D,20190710,000000,1025.2000000,1025.2000000,1014.6000000,1016.4000000,792
SBCB,D,20190711,000000,1015.2000000,1015.2000000,1011.0000000,1011.6000000,1586
SBCB,D,20190712,000000,1012.2000000,1016.6000000,1012.0000000,1015.6000000,736
SBCB,D,20190715,000000,1025.0000000,1025.0000000,1007.2000000,1009.4000000,576
SBCB,D,20190716,000000,1015.0000000,1020.0000000,1010.0000000,1011.0000000,982
SBCB,D,20190717,000000,1020.0000000,1021.0000000,1011.0000000,1013.2000000,352
SBCB,D,20190718,000000,1015.0000000,1017.4000000,1011.0000000,1017.4000000,758
SBCB,D,20190719,000000,1011.8000000,1018.0000000,1011.8000000,1016.8000000,2343
SBCB,D,20190722,000000,1014.8000000,1018.6000000,1014.0000000,1018.0000000,2271
SBCB,D,20190723,000000,1019.0000000,1022.6000000,1016.8000000,1022.0000000,1020
SBCB,D,20190724,000000,1021.0000000,1028.0000000,1017.2000000,1018.8000000,689
SBCB,D,20190725,000000,1020.0000000,1023.4000000,1017.8000000,1022.0000000,287
SBCB,D,20190726,000000,1016.8000000,1027.4000000,1016.8000000,1027.4000000,825
SBCB,D,20190729,000000,1021.0000000,1028.0000000,1021.0000000,1027.6000000,211
SBCB,D,20190730,000000,1027.4000000,1030.0000000,1022.0000000,1029.0000000,794
SBCB,D,20190731,000000,1028.0000000,1028.6000000,1024.4000000,1027.6000000,1368
SBCB,D,20190801,000000,1030.0000000,1037.4000000,1029.8000000,1030.4000000,1446
SBCB,D,20190802,000000,1038.8000000,1054.0000000,1038.6000000,1047.0000000,1393
SBCB,D,20190805,000000,1042.2000000,1058.8000000,1040.6000000,1047.8000000,858
SBCB,D,20190806,000000,1048.0000000,1050.6000000,1042.2000000,1050.0000000,3956
SBCB,D,20190807,000000,1045.2000000,1061.2000000,1045.2000000,1061.2000000,618
SBCB,D,20190808,000000,1054.8000000,1058.4000000,1052.6000000,1055.4000000,262
SBCB,D,20190809,000000,1075.4000000,1075.4000000,1052.4000000,1060.0000000,1046
SBCB,D,20190812,000000,1050.6000000,1064.0000000,1050.6000000,1062.0000000,1395
SBCB,D,20190813,000000,1066.0000000,1066.0000000,1053.0000000,1055.2000000,1111
SBCB,D,20190814,000000,1048.6000000,1072.0000000,1048.6000000,1069.4000000,2381
SBCB,D,20190815,000000,1055.6000000,1081.0000000,1055.4000000,1072.6000000,1194
SBCB,D,20190816,000000,1070.0000000,1079.0000000,1067.8000000,1079.0000000,1262
SBCB,D,20190819,000000,1089.4000000,1099.4000000,1080.8000000,1082.0000000,838
SBCB,D,20190820,000000,1105.0000000,1105.0000000,1079.8000000,1084.4000000,2347
SBCB,D,20190821,000000,1078.2000000,1078.4000000,1067.2000000,1071.2000000,974
SBCB,D,20190822,000000,1072.8000000,1072.8000000,1066.2000000,1067.4000000,122
SBCB,D,20190823,000000,1067.4000000,1075.4000000,1066.2000000,1070.0000000,1009
SBCB,D,20190826,000000,1076.0000000,1077.4000000,1073.0000000,1074.8000000,712
SBCB,D,20190827,000000,1075.6000000,1084.2000000,1075.6000000,1084.0000000,1442
SBCB,D,20190828,000000,1089.0000000,1091.0000000,1078.6000000,1086.0000000,522
SBCB,D,20190829,000000,1096.0000000,1096.0000000,1085.0000000,1088.2000000,720
SBCB,D,20190830,000000,1110.0000000,1110.0000000,1083.6000000,1093.0000000,1792
SBCB,D,20190902,000000,1071.2000000,1092.8000000,1071.2000000,1091.0000000,1907
SBCB,D,20190903,000000,1093.0000000,1097.6000000,1090.2000000,1097.2000000,832
SBCB,D,20190904,000000,1100.0000000,1100.0000000,1080.0000000,1080.0000000,4222
SBCB,D,20190905,000000,1080.2000000,1082.4000000,1076.6000000,1078.6000000,2566
SBCB,D,20190906,000000,1081.4000000,1085.0000000,1077.0000000,1080.2000000,2844
SBCB,D,20190909,000000,1075.2000000,1078.0000000,1074.0000000,1075.4000000,400
SBCB,D,20190910,000000,1070.0000000,1081.0000000,1070.0000000,1072.0000000,3893
SBCB,D,20190911,000000,1070.4000000,1073.4000000,1069.0000000,1069.0000000,1648
SBCB,D,20190912,000000,1068.6000000,1070.0000000,1060.0000000,1061.0000000,2858
SBCB,D,20190913,000000,1061.2000000,1062.0000000,1049.0000000,1051.2000000,4830
SBCB,D,20190916,000000,1051.4000000,1064.8000000,1042.2000000,1050.0000000,3352
SBCB,D,20190917,000000,1045.2000000,1061.8000000,1045.2000000,1055.0000000,2201
SBCB,D,20190918,000000,1060.0000000,1060.0000000,1050.0000000,1053.4000000,1042
SBCB,D,20190919,000000,1060.0000000,1060.0000000,1047.0000000,1047.8000000,2076
SBCB,D,20190920,000000,1055.0000000,1055.0000000,1045.4000000,1049.6000000,5476
SBCB,D,20190923,000000,1065.0000000,1070.0000000,1040.0000000,1049.8000000,689
SBCB,D,20190924,000000,1048.4000000,1051.0000000,1042.6000000,1051.0000000,1188
SBCB,D,20190925,000000,1055.0000000,1060.0000000,1054.0000000,1055.6000000,1612
SBCB,D,20190926,000000,1050.2000000,1058.0000000,1050.2000000,1055.8000000,3351
SBCB,D,20190927,000000,1060.2000000,1060.2000000,1050.2000000,1058.4000000,2520
SBCB,D,20190930,000000,1060.0000000,1068.8000000,1058.8000000,1067.4000000,1123
SBCB,D,20191001,000000,1070.0000000,1075.0000000,1066.0000000,1072.0000000,472
SBCB,D,20191002,000000,1075.0000000,1090.0000000,1067.4000000,1068.8000000,1749
SBCB,D,20191003,000000,1067.0000000,1074.4000000,1066.8000000,1072.2000000,1774
SBCB,D,20191004,000000,1070.2000000,1075.0000000,1059.4000000,1064.2000000,1604
SBCB,D,20191007,000000,1052.4000000,1068.4000000,1052.2000000,1067.0000000,638
SBCB,D,20191008,000000,1070.0000000,1075.0000000,1065.2000000,1070.4000000,617
SBCB,D,20191009,000000,1066.4000000,1069.4000000,1064.0000000,1065.0000000,3868
SBCB,D,20191010,000000,1060.2000000,1064.4000000,1056.2000000,1059.2000000,1393
SBCB,D,20191011,000000,1056.2000000,1058.4000000,1051.2000000,1052.0000000,2449
SBCB,D,20191014,000000,1060.0000000,1065.0000000,1053.4000000,1058.4000000,3644
SBCB,D,20191015,000000,1060.0000000,1065.0000000,1055.2000000,1057.2000000,499
SBCB,D,20191016,000000,1057.4000000,1060.2000000,1055.0000000,1055.0000000,1007
SBCB,D,20191017,000000,1050.0000000,1072.0000000,1050.0000000,1054.0000000,1098
SBCB,D,20191018,000000,1054.0000000,1057.0000000,1052.2000000,1056.2000000,590
SBCB,D,20191021,000000,1052.4000000,1052.4000000,1049.0000000,1049.6000000,1227
SBCB,D,20191022,000000,1049.2000000,1051.4000000,1045.6000000,1048.4000000,2810
SBCB,D,20191023,000000,1055.0000000,1056.8000000,1049.8000000,1053.2000000,1643
SBCB,D,20191024,000000,1056.8000000,1057.0000000,1048.4000000,1055.2000000,1116
SBCB,D,20191025,000000,1057.8000000,1057.8000000,1043.8000000,1048.2000000,1220
SBCB,D,20191028,000000,1050.0000000,1063.6000000,1048.0000000,1051.8000000,803
SBCB,D,20191029,000000,1049.4000000,1056.0000000,1049.4000000,1054.0000000,596
SBCB,D,20191030,000000,1054.0000000,1055.8000000,1051.0000000,1055.6000000,562
SBCB,D,20191031,000000,1053.0000000,1058.0000000,1051.0000000,1058.0000000,809
SBCB,D,20191101,000000,1060.0000000,1060.0000000,1047.4000000,1047.4000000,3147
SBCB,D,20191105,000000,1055.0000000,1055.0000000,1044.0000000,1051.4000000,2769
SBCB,D,20191106,000000,1055.0000000,1060.0000000,1045.2000000,1055.4000000,9914
SBCB,D,20191107,000000,1050.2000000,1053.4000000,1049.2000000,1053.4000000,993
SBCB,D,20191108,000000,1052.2000000,1056.0000000,1052.0000000,1052.8000000,943
SBCB,D,20191111,000000,1060.0000000,1060.0000000,1051.2000000,1056.0000000,1064
SBCB,D,20191112,000000,1060.0000000,1060.0000000,1055.0000000,1059.4000000,600
SBCB,D,20191113,000000,1060.0000000,1065.0000000,1059.4000000,1063.0000000,2922
SBCB,D,20191114,000000,1062.8000000,1063.0000000,1057.4000000,1060.4000000,649
SBCB,D,20191115,000000,1056.6000000,1058.4000000,1056.0000000,1056.2000000,1017
SBCB,D,20191118,000000,1055.0000000,1058.4000000,1054.0000000,1057.4000000,363
SBCB,D,20191119,000000,1058.0000000,1058.0000000,1053.8000000,1057.0000000,1055
SBCB,D,20191120,000000,1056.0000000,1059.8000000,1056.0000000,1056.2000000,241
SBCB,D,20191121,000000,1056.4000000,1056.6000000,1050.0000000,1054.6000000,767
SBCB,D,20191122,000000,1056.6000000,1057.2000000,1052.4000000,1055.8000000,286
SBCB,D,20191125,000000,1055.8000000,1058.2000000,1052.8000000,1057.8000000,336
SBCB,D,20191126,000000,1054.4000000,1058.8000000,1054.4000000,1058.2000000,438
SBCB,D,20191127,000000,1057.4000000,1062.0000000,1057.4000000,1062.0000000,804
SBCB,D,20191128,000000,1062.6000000,1063.6000000,1059.4000000,1059.6000000,11960
SBCB,D,20191129,000000,1055.2000000,1067.0000000,1053.6000000,1067.0000000,334
SBCB,D,20191202,000000,1064.6000000,1068.6000000,1063.2000000,1063.4000000,282
SBCB,D,20191203,000000,1061.6000000,1067.6000000,1061.4000000,1067.6000000,1702
SBCB,D,20191204,000000,1066.6000000,1067.4000000,1060.4000000,1060.6000000,1375
SBCB,D,20191205,000000,1060.0000000,1063.6000000,1059.0000000,1061.0000000,13254
SBCB,D,20191206,000000,1061.2000000,1061.4000000,1058.4000000,1060.0000000,423
SBCB,D,20191209,000000,1060.2000000,1061.4000000,1058.6000000,1059.0000000,620
SBCB,D,20191210,000000,1065.0000000,1066.8000000,1056.0000000,1056.0000000,1450
SBCB,D,20191211,000000,1056.4000000,1057.2000000,1053.6000000,1055.0000000,760
SBCB,D,20191212,000000,1052.6000000,1064.0000000,1044.0000000,1044.0000000,5467
SBCB,D,20191213,000000,1042.4000000,1056.8000000,1036.0000000,1056.8000000,3556
SBCB,D,20191216,000000,1050.2000000,1050.2000000,1041.0000000,1043.0000000,7352
SBCB,D,20191217,000000,1045.0000000,1045.8000000,1040.2000000,1042.8000000,1776
SBCB,D,20191218,000000,1049.0000000,1049.0000000,1040.4000000,1042.4000000,982
SBCB,D,20191219,000000,1040.6000000,1043.8000000,1039.2000000,1039.6000000,3213
SBCB,D,20191220,000000,1039.4000000,1042.0000000,1034.0000000,1039.0000000,9009
SBCB,D,20191223,000000,1040.0000000,1041.6000000,1036.2000000,1040.0000000,1508
SBCB,D,20191224,000000,1035.0000000,1044.0000000,1032.8000000,1036.0000000,3594
SBCB,D,20191225,000000,1030.2000000,1038.8000000,994.4000000,1034.0000000,5482
SBCB,D,20191226,000000,1044.8000000,1044.8000000,1030.0000000,1036.0000000,1596
SBCB,D,20191227,000000,1040.0000000,1045.0000000,1030.0000000,1032.0000000,3642
SBCB,D,20191230,000000,1033.0000000,1034.0000000,1026.2000000,1029.6000000,1722
SBCB,D,20200103,000000,1036.0000000,1042.4000000,1036.0000000,1037.4000000,2227
SBCB,D,20200106,000000,1035.2000000,1044.2000000,1016.8000000,1034.2000000,952
SBCB,D,20200108,000000,1034.2000000,1036.8000000,1031.0000000,1034.2000000,719
SBCB,D,20200109,000000,1039.8000000,1044.2000000,1022.2000000,1026.8000000,1151
SBCB,D,20200110,000000,1023.4000000,1027.4000000,1023.4000000,1024.8000000,1186
SBCB,D,20200113,000000,1023.4000000,1029.2000000,1020.0000000,1028.8000000,1736
SBCB,D,20200114,000000,1025.4000000,1033.6000000,1022.6000000,1027.0000000,1323
SBCB,D,20200115,000000,1030.0000000,1034.8000000,1025.6000000,1034.2000000,2163
SBCB,D,20200116,000000,1027.4000000,1037.6000000,1027.2000000,1031.4000000,1156
SBCB,D,20200117,000000,1031.0000000,1032.0000000,1027.0000000,1027.0000000,1401
SBCB,D,20200120,000000,1027.0000000,1033.0000000,1026.8000000,1033.0000000,1719
SBCB,D,20200121,000000,1027.2000000,1039.4000000,1027.2000000,1039.0000000,5791
SBCB,D,20200122,000000,1037.0000000,1040.6000000,1032.8000000,1040.0000000,2358
SBCB,D,20200123,000000,1040.4000000,1040.4000000,1036.2000000,1037.6000000,856
SBCB,D,20200124,000000,1045.0000000,1048.8000000,1033.6000000,1038.2000000,1109
SBCB,D,20200127,000000,1039.8000000,1054.8000000,1039.8000000,1048.4000000,4317
SBCB,D,20200128,000000,1053.6000000,1059.2000000,1045.0000000,1045.0000000,5320
SBCB,D,20200129,000000,1045.2000000,1052.6000000,1040.8000000,1052.6000000,1346
SBCB,D,20200130,000000,1055.0000000,1062.4000000,1054.4000000,1060.4000000,2097
SBCB,D,20200131,000000,1060.0000000,1070.0000000,1055.4000000,1069.2000000,2748
SBCB,D,20200203,000000,1065.8000000,1076.4000000,1063.8000000,1064.0000000,4626
SBCB,D,20200204,000000,1070.0000000,1073.8000000,1056.8000000,1058.4000000,2099
SBCB,D,20200205,000000,1065.0000000,1065.0000000,1045.6000000,1050.6000000,5084
SBCB,D,20200206,000000,1051.2000000,1061.2000000,1047.2000000,1060.6000000,1434
SBCB,D,20200207,000000,1060.8000000,1074.0000000,1060.8000000,1069.0000000,1851
SBCB,D,20200210,000000,1069.8000000,1077.8000000,1065.4000000,1071.6000000,1292
SBCB,D,20200211,000000,1072.4000000,1073.8000000,1062.0000000,1064.0000000,1606
SBCB,D,20200212,000000,1064.0000000,1064.0000000,1053.6000000,1058.0000000,1382
SBCB,D,20200213,000000,1066.6000000,1071.8000000,1064.0000000,1064.4000000,1412
SBCB,D,20200214,000000,1062.6000000,1069.0000000,1062.6000000,1066.0000000,9288
SBCB,D,20200217,000000,1066.0000000,1066.0000000,1061.0000000,1062.6000000,1551
SBCB,D,20200218,000000,1066.4000000,1073.0000000,1066.4000000,1072.6000000,2278
SBCB,D,20200219,000000,1065.2000000,1074.8000000,1065.2000000,1071.0000000,3323
SBCB,D,20200220,000000,1074.2000000,1074.2000000,1067.4000000,1074.0000000,2928
SBCB,D,20200221,000000,1072.0000000,1081.0000000,1072.0000000,1079.0000000,1235
SBCB,D,20200225,000000,1085.0000000,1101.0000000,1085.0000000,1100.0000000,4674
SBCB,D,20200226,000000,1100.0000000,1159.0000000,1090.4000000,1093.8000000,8752
SBCB,D,20200227,000000,1100.0000000,1127.2000000,1090.6000000,1112.6000000,3158
SBCB,D,20200228,000000,1138.0000000,1140.0000000,1105.6000000,1124.0000000,11295
SBCB,D,20200302,000000,1124.2000000,1129.8000000,1093.0000000,1117.2000000,4709
SBCB,D,20200303,000000,1109.0000000,1138.8000000,1101.0000000,1119.8000000,2666
SBCB,D,20200304,000000,1100.0000000,1119.8000000,1097.6000000,1108.0000000,1721
SBCB,D,20200305,000000,1111.8000000,1123.2000000,1108.4000000,1123.0000000,2645
SBCB,D,20200306,000000,1129.0000000,1145.0000000,1128.8000000,1145.0000000,6424
SBCB,D,20200310,000000,1167.8000000,1203.0000000,1125.0000000,1192.2000000,6164
SBCB,D,20200311,000000,1151.2000000,1199.0000000,1151.2000000,1194.4000000,3011
SBCB,D,20200312,000000,1203.0000000,1241.0000000,1135.4000000,1239.8000000,12758
SBCB,D,20200313,000000,1233.6000000,1233.8000000,1180.0000000,1212.8000000,6226
SBCB,D,20200316,000000,1212.8000000,1224.8000000,1189.8000000,1201.8000000,2718
SBCB,D,20200317,000000,1160.2000000,1215.0000000,1160.0000000,1210.6000000,5233
SBCB,D,20200318,000000,1208.8000000,1289.0000000,1208.8000000,1286.0000000,7739
SBCB,D,20200319,000000,1311.6000000,1338.2000000,1263.0000000,1263.0000000,6019
SBCB,D,20200320,000000,1237.8000000,1286.6000000,1220.0000000,1255.0000000,3400
SBCB,D,20200323,000000,1275.0000000,1275.4000000,1237.6000000,1257.2000000,2866
SBCB,D,20200324,000000,1240.2000000,1327.0000000,1220.2000000,1236.0000000,13047
SBCB,D,20200325,000000,1234.0000000,1252.2000000,1198.4000000,1238.8000000,3692
SBCB,D,20200326,000000,1239.8000000,1242.0000000,1218.2000000,1224.0000000,17486
SBCB,D,20200327,000000,1229.2000000,1265.6000000,1223.6000000,1263.8000000,2620
SBCB,D,20200330,000000,1263.6000000,1283.0000000,1241.0000000,1283.0000000,5922
SBCB,D,20200331,000000,1255.2000000,1272.6000000,1238.0000000,1248.0000000,4021
SBCB,D,20200401,000000,1259.6000000,1269.8000000,1243.2000000,1266.8000000,1739
SBCB,D,20200402,000000,1248.2000000,1274.0000000,1240.0000000,1267.0000000,3750
SBCB,D,20200403,000000,1244.4000000,1252.2000000,1226.8000000,1240.0000000,3229
SBCB,D,20200406,000000,1230.2000000,1241.0000000,1225.6000000,1237.0000000,1987
SBCB,D,20200407,000000,1242.0000000,1242.0000000,1222.2000000,1232.0000000,17062
SBCB,D,20200408,000000,1234.0000000,1240.0000000,1230.0000000,1232.2000000,1096
SBCB,D,20200409,000000,1226.6000000,1226.6000000,1190.0000000,1206.0000000,12415
SBCB,D,20200410,000000,1210.0000000,1228.8000000,1199.0000000,1214.2000000,3268
SBCB,D,20200413,000000,1207.0000000,1220.0000000,1206.4000000,1213.8000000,2197
SBCB,D,20200414,000000,1206.4000000,1212.4000000,1200.0000000,1205.0000000,11995
SBCB,D,20200415,000000,1212.0000000,1243.2000000,1210.0000000,1236.6000000,3571
SBCB,D,20200416,000000,1228.6000000,1236.2000000,1218.8000000,1230.4000000,934
SBCB,D,20200417,000000,1220.4000000,1233.0000000,1213.4000000,1228.4000000,1548
SBCB,D,20200420,000000,1232.8000000,1239.4000000,1225.6000000,1235.0000000,877
SBCB,D,20200421,000000,1242.6000000,1275.2000000,1242.6000000,1272.0000000,3353
SBCB,D,20200422,000000,1281.0000000,1287.8000000,1248.2000000,1255.0000000,2533
SBCB,D,20200423,000000,1248.2000000,1249.8000000,1230.8000000,1232.8000000,6644
SBCB,D,20200424,000000,1239.6000000,1250.6000000,1225.0000000,1233.2000000,1644
SBCB,D,20200427,000000,1226.6000000,1237.2000000,1224.0000000,1235.8000000,1158
SBCB,D,20200428,000000,1234.4000000,1239.4000000,1224.2000000,1230.4000000,1269
SBCB,D,20200429,000000,1238.0000000,1238.0000000,1214.8000000,1215.4000000,5934
SBCB,D,20200430,000000,1215.0000000,1229.8000000,1204.8000000,1223.4000000,3599
SBCB,D,20200504,000000,1230.0000000,1255.0000000,1230.0000000,1245.2000000,2501
SBCB,D,20200505,000000,1234.4000000,1235.0000000,1219.2000000,1219.2000000,3541
SBCB,D,20200506,000000,1210.6000000,1241.8000000,1210.6000000,1235.6000000,9899
SBCB,D,20200507,000000,1237.0000000,1237.0000000,1227.2000000,1230.0000000,1547
SBCB,D,20200508,000000,1231.4000000,1233.4000000,1223.8000000,1225.0000000,1787
SBCB,D,20200512,000000,1235.4000000,1235.4000000,1217.8000000,1222.0000000,1864
SBCB,D,20200513,000000,1233.0000000,1248.2000000,1223.8000000,1234.2000000,8287
SBCB,D,20200514,000000,1234.2000000,1240.8000000,1228.6000000,1236.8000000,4111
SBCB,D,20200515,000000,1235.2000000,1236.2000000,1223.6000000,1230.4000000,3047
SBCB,D,20200518,000000,1226.2000000,1227.6000000,1211.6000000,1215.8000000,22218
SBCB,D,20200519,000000,1210.2000000,1220.0000000,1200.0000000,1218.0000000,7324
SBCB,D,20200520,000000,1226.8000000,1226.8000000,1198.2000000,1204.6000000,6603
SBCB,D,20200521,000000,1206.8000000,1206.8000000,1190.2000000,1196.0000000,5135
SBCB,D,20200522,000000,1200.0000000,1214.2000000,1198.6000000,1211.0000000,1443
SBCB,D,20200525,000000,1207.6000000,1211.6000000,1200.0000000,1209.0000000,1366
SBCB,D,20200526,000000,1209.2000000,1209.2000000,1194.2000000,1196.0000000,2569
SBCB,D,20200527,000000,1196.0000000,1207.8000000,1196.0000000,1207.8000000,2112
SBCB,D,20200528,000000,1215.0000000,1219.6000000,1192.2000000,1198.0000000,61620
SBCB,D,20200529,000000,1201.2000000,1203.2000000,1196.0000000,1200.2000000,100697
SBCB,D,20200601,000000,1195.2000000,1204.8000000,1180.0000000,1181.4000000,2978
SBCB,D,20200602,000000,1179.0000000,1179.0000000,1165.0000000,1170.0000000,8656
SBCB,D,20200603,000000,1161.4000000,1184.6000000,1160.0000000,1165.2000000,4858
SBCB,D,20200604,000000,1175.2000000,1182.0000000,1169.4000000,1180.4000000,7329
SBCB,D,20200605,000000,1198.0000000,1210.2000000,1160.2000000,1161.2000000,3986
SBCB,D,20200608,000000,1168.8000000,1168.8000000,1156.2000000,1165.0000000,2327
SBCB,D,20200609,000000,1160.2000000,1173.0000000,1160.2000000,1163.8000000,46851
SBCB,D,20200610,000000,1170.0000000,1172.4000000,1161.4000000,1171.2000000,5259
SBCB,D,20200611,000000,1165.4000000,1183.2000000,1165.0000000,1183.2000000,2261
SBCB,D,20200615,000000,1193.8000000,1194.8000000,1180.4000000,1185.0000000,3077
SBCB,D,20200616,000000,1185.0000000,1187.6000000,1175.0000000,1184.0000000,3114
SBCB,D,20200617,000000,1184.0000000,1188.0000000,1175.4000000,1185.6000000,380
SBCB,D,20200618,000000,1184.4000000,1186.0000000,1175.2000000,1180.0000000,1243
SBCB,D,20200619,000000,1187.6000000,1195.0000000,1179.0000000,1182.6000000,2101
SBCB,D,20200622,000000,1189.6000000,1192.6000000,1177.4000000,1178.0000000,2405
SBCB,D,20200623,000000,1178.2000000,1178.2000000,1168.0000000,1169.0000000,1685
SBCB,D,20200625,000000,1189.4000000,1189.4000000,1169.6000000,1173.8000000,2835
SBCB,D,20200626,000000,1175.8000000,1190.0000000,1169.4000000,1181.8000000,2535
SBCB,D,20200629,000000,1181.0000000,1193.4000000,1181.0000000,1190.0000000,2705
SBCB,D,20200630,000000,1194.4000000,1209.0000000,1190.2000000,1204.0000000,31935
SBCB,D,20200702,000000,1195.4000000,1201.0000000,1190.4000000,1194.0000000,6062
SBCB,D,20200703,000000,1198.0000000,1215.6000000,1192.0000000,1215.0000000,4102
SBCB,D,20200706,000000,1207.0000000,1222.6000000,1199.8000000,1217.8000000,2425
SBCB,D,20200707,000000,1222.0000000,1227.0000000,1212.0000000,1214.4000000,2230
SBCB,D,20200708,000000,1215.0000000,1215.0000000,1205.0000000,1212.0000000,44760
SBCB,D,20200709,000000,1204.8000000,1207.0000000,1197.2000000,1207.0000000,2524
SBCB,D,20200710,000000,1209.6000000,1215.2000000,1201.2000000,1206.8000000,1039
SBCB,D,20200713,000000,1202.8000000,1220.0000000,1199.6000000,1200.4000000,3553
SBCB,D,20200714,000000,1206.0000000,1212.8000000,1203.8000000,1208.2000000,2424
SBCB,D,20200715,000000,1208.2000000,1220.0000000,1190.0000000,1205.2000000,20617
SBCB,D,20200716,000000,1209.8000000,1216.0000000,1207.2000000,1213.4000000,17655
SBCB,D,20200717,000000,1218.0000000,1224.2000000,1215.0000000,1221.0000000,1075
SBCB,D,20200720,000000,1214.6000000,1227.4000000,1212.2000000,1218.0000000,1144
SBCB,D,20200721,000000,1212.0000000,1212.2000000,1203.4000000,1206.4000000,1805
SBCB,D,20200722,000000,1206.4000000,1211.6000000,1205.0000000,1209.2000000,8079
SBCB,D,20200723,000000,1218.2000000,1222.2000000,1205.0000000,1215.6000000,4023
SBCB,D,20200724,000000,1217.0000000,1226.6000000,1215.6000000,1219.4000000,1485
SBCB,D,20200727,000000,1221.8000000,1227.8000000,1216.6000000,1218.2000000,3631
SBCB,D,20200728,000000,1218.8000000,1235.0000000,1218.8000000,1232.0000000,7532
SBCB,D,20200729,000000,1237.6000000,1238.8000000,1227.2000000,1231.8000000,1849
SBCB,D,20200730,000000,1240.0000000,1257.2000000,1240.0000000,1254.6000000,3743
SBCB,D,20200731,000000,1255.8000000,1263.0000000,1235.4000000,1263.0000000,2398
SBCB,D,20200803,000000,1250.0000000,1266.0000000,1250.0000000,1254.0000000,1667
SBCB,D,20200804,000000,1247.6000000,1262.2000000,1247.6000000,1256.2000000,2085
SBCB,D,20200805,000000,1236.2000000,1252.0000000,1236.2000000,1242.4000000,2223
SBCB,D,20200806,000000,1253.0000000,1258.0000000,1242.0000000,1254.8000000,12307
SBCB,D,20200807,000000,1258.4000000,1264.6000000,1252.4000000,1261.2000000,8204
SBCB,D,20200810,000000,1271.0000000,1271.0000000,1257.0000000,1260.0000000,2523
SBCB,D,20200811,000000,1261.4000000,1261.6000000,1246.6000000,1253.6000000,2669
SBCB,D,20200812,000000,1257.2000000,1266.2000000,1252.4000000,1262.2000000,2198
SBCB,D,20200813,000000,1259.6000000,1266.0000000,1255.0000000,1256.4000000,10246
SBCB,D,20200814,000000,1252.4000000,1260.0000000,1250.8000000,1250.8000000,1818
SBCB,D,20200817,000000,1261.0000000,1263.6000000,1248.2000000,1258.0000000,6656
SBCB,D,20200818,000000,1255.8000000,1269.4000000,1248.8000000,1252.8000000,15190
SBCB,D,20200819,000000,1246.6000000,1261.8000000,1246.6000000,1254.0000000,1025
SBCB,D,20200820,000000,1250.6000000,1270.0000000,1249.8000000,1270.0000000,35478
SBCB,D,20200821,000000,1265.0000000,1280.0000000,1261.4000000,1278.0000000,28661
SBCB,D,20200824,000000,1283.0000000,1283.0000000,1268.2000000,1273.2000000,1394
SBCB,D,20200825,000000,1267.0000000,1290.6000000,1267.0000000,1290.0000000,3181
SBCB,D,20200826,000000,1290.0000000,1300.6000000,1289.2000000,1292.0000000,3026
SBCB,D,20200827,000000,1287.6000000,1292.2000000,1280.6000000,1286.0000000,1983
SBCB,D,20200828,000000,1289.6000000,1296.4000000,1264.0000000,1274.0000000,3226
SBCB,D,20200831,000000,1267.8000000,1275.4000000,1261.4000000,1272.0000000,4214
SBCB,D,20200901,000000,1261.6000000,1265.6000000,1258.6000000,1259.6000000,3429
SBCB,D,20200902,000000,1266.2000000,1296.6000000,1266.2000000,1291.6000000,3644
SBCB,D,20200903,000000,1288.6000000,1296.4000000,1279.8000000,1292.6000000,8650
SBCB,D,20200904,000000,1289.4000000,1291.8000000,1279.8000000,1290.6000000,1217