<TICKER>,<PER>,<DATE>,<TIME>,<OPEN>,<HIGH>,<LOW>,<CLOSE>,<VOL>
SBGB,D,20190125,000000,1003.2000000,1003.8000000,1002.2000000,1003.4000000,175
SBGB,D,20190128,000000,1003.4000000,1003.4000000,1003.0000000,1003.0000000,131
SBGB,D,20190129,000000,1002.6000000,1003.2000000,1001.8000000,1002.0000000,837
SBGB,D,20190130,000000,998.8000000,1000.2000000,998.8000000,1000.0000000,399
SBGB,D,20190131,000000,1000.2000000,1006.6000000,1000.2000000,1006.4000000,1017
SBGB,D,20190201,000000,1026.4000000,1026.4000000,1006.0000000,1009.8000000,1044
SBGB,D,20190204,000000,1029.8000000,1029.8000000,1008.0000000,1010.0000000,993
SBGB,D,20190205,000000,989.8000000,1011.2000000,989.8000000,1010.0000000,772
SBGB,D,20190206,000000,1011.6000000,1012.2000000,1010.0000000,1010.6000000,570
SBGB,D,20190207,000000,990.4000000,1015.0000000,990.4000000,1009.0000000,297
SBGB,D,20190208,000000,1007.0000000,1009.0000000,1007.0000000,1008.8000000,811
SBGB,D,20190211,000000,1049.2000000,1049.2000000,1008.6000000,1009.8000000,613
SBGB,D,20190212,000000,1029.8000000,1029.8000000,1007.0000000,1008.4000000,706
SBGB,D,20190213,000000,1003.0000000,1006.8000000,1002.6000000,1003.6000000,871
SBGB,D,20190214,000000,996.2000000,997.6000000,992.4000000,997.2000000,495
SBGB,D,20190215,000000,1017.0000000,1017.0000000,994.6000000,1002.6000000,349
SBGB,D,20190218,000000,1022.8000000,1022.8000000,999.6000000,1004.0000000,495
SBGB,D,20190219,000000,1000.6000000,1005.6000000,1000.2000000,1005.6000000,2023
SBGB,D,20190220,000000,1004.6000000,1004.6000000,997.2000000,1001.4000000,398
SBGB,D,20190221,000000,1001.4000000,1006.6000000,1000.0000000,1003.0000000,152
SBGB,D,20190222,000000,1006.8000000,1007.0000000,1002.6000000,1006.8000000,199
SBGB,D,20190225,000000,1026.8000000,1040.0000000,1005.2000000,1009.6000000,555
SBGB,D,20190226,000000,1005.0000000,1034.0000000,1005.0000000,1008.4000000,452
SBGB,D,20190227,000000,1011.4000000,1014.6000000,1003.8000000,1007.6000000,434
SBGB,D,20190228,000000,1027.6000000,1027.6000000,1003.8000000,1008.4000000,1030
SBGB,D,20190301,000000,1028.4000000,1028.4000000,1005.2000000,1010.0000000,720
SBGB,D,20190304,000000,1004.0000000,1024.0000000,1003.2000000,1010.4000000,453
SBGB,D,20190305,000000,1022.8000000,1022.8000000,1002.4000000,1008.2000000,332
SBGB,D,20190306,000000,1011.0000000,1011.0000000,1005.8000000,1008.8000000,463
SBGB,D,20190307,000000,1009.8000000,1040.0000000,1007.0000000,1009.6000000,387
SBGB,D,20190311,000000,1029.2000000,1029.2000000,1008.0000000,1011.0000000,432
SBGB,D,20190312,000000,1011.0000000,1011.2000000,1008.0000000,1011.0000000,488
SBGB,D,20190313,000000,1011.6000000,1011.6000000,1009.0000000,1011.0000000,205
SBGB,D,20190314,000000,1012.6000000,1012.6000000,1009.2000000,1012.0000000,625
SBGB,D,20190315,000000,1012.0000000,1012.6000000,1009.4000000,1012.6000000,530
SBGB,D,20190318,000000,1012.0000000,1016.6000000,1010.2000000,1014.0000000,689
SBGB,D,20190319,000000,1034.2000000,1034.2000000,1014.8000000,1019.0000000,461
SBGB,D,20190320,000000,1039.0000000,1039.0000000,1015.8000000,1017.6000000,180
SBGB,D,20190321,000000,1037.8000000,1037.8000000,1017.2000000,1024.8000000,330
SBGB,D,20190322,000000,1004.4000000,1024.6000000,1004.4000000,1023.0000000,221
SBGB,D,20190325,000000,1039.2000000,1039.2000000,1016.8000000,1020.2000000,193
SBGB,D,20190326,000000,1027.4000000,1027.4000000,1015.6000000,1022.6000000,320
SBGB,D,20190327,000000,1039.4000000,1043.0000000,1018.2000000,1020.6000000,330
SBGB,D,20190328,000000,1022.8000000,1022.8000000,1010.6000000,1017.6000000,1265
SBGB,D,20190329,000000,1019.0000000,1019.0000000,1016.0000000,1016.0000000,480
SBGB,D,20190401,000000,1013.8000000,1017.0000000,1013.8000000,1016.0000000,413
SBGB,D,20190402,000000,1016.4000000,1016.4000000,1013.0000000,1013.0000000,389
SBGB,D,20190403,000000,1014.0000000,1016.6000000,1013.8000000,1016.2000000,486
SBGB,D,20190404,000000,1016.2000000,1016.8000000,1013.8000000,1016.0000000,494
SBGB,D,20190405,000000,1027.8000000,1027.8000000,1014.4000000,1017.2000000,344
SBGB,D,20190408,000000,1016.6000000,1020.2000000,1016.6000000,1019.4000000,901
SBGB,D,20190409,000000,1029.0000000,1029.0000000,1017.8000000,1021.6000000,720
SBGB,D,20190410,000000,1029.4000000,1029.4000000,1019.0000000,1022.0000000,275
SBGB,D,20190411,000000,1001.8000000,1024.0000000,1001.8000000,1024.0000000,570
SBGB,D,20190412,000000,1024.8000000,1024.8000000,1022.0000000,1022.0000000,502
SBGB,D,20190415,000000,1026.6000000,1027.0000000,1022.6000000,1025.6000000,330
SBGB,D,20190416,000000,1030.8000000,1030.8000000,1022.8000000,1023.2000000,473
SBGB,D,20190417,000000,1026.2000000,1043.6000000,1022.6000000,1024.6000000,327
SBGB,D,20190418,000000,1039.8000000,1039.8000000,1023.6000000,1025.2000000,641
SBGB,D,20190419,000000,1025.2000000,1044.8000000,1023.4000000,1024.4000000,510
SBGB,D,20190422,000000,1031.8000000,1031.8000000,1023.0000000,1025.0000000,751
SBGB,D,20190423,000000,1012.4000000,1025.2000000,1012.4000000,1024.0000000,624
SBGB,D,20190424,000000,1044.6000000,1044.6000000,1023.0000000,1023.0000000,2249
SBGB,D,20190425,000000,1024.0000000,1024.0000000,1021.4000000,1021.4000000,224
SBGB,D,20190426,000000,1039.2000000,1039.2000000,1021.4000000,1024.0000000,469
SBGB,D,20190429,000000,1038.8000000,1038.8000000,1005.0000000,1027.0000000,827
SBGB,D,20190430,000000,1006.6000000,1030.0000000,1006.6000000,1029.8000000,1337
SBGB,D,20190502,000000,1042.6000000,1042.8000000,1019.2000000,1039.2000000,477
SBGB,D,20190503,000000,1040.2000000,1065.8000000,1040.0000000,1065.8000000,165
SBGB,D,20190506,000000,1035.0000000,1035.0000000,1030.0000000,1030.4000000,2363
SBGB,D,20190507,000000,1025.2000000,1051.0000000,1025.2000000,1031.0000000,1409
SBGB,D,20190508,000000,1031.6000000,1032.0000000,1029.8000000,1031.8000000,32618
SBGB,D,20190510,000000,1025.0000000,1032.0000000,1025.0000000,1030.2000000,260
SBGB,D,20190513,000000,1034.8000000,1035.0000000,1030.2000000,1032.2000000,517
SBGB,D,20190514,000000,1030.0000000,1071.0000000,1019.2000000,1032.4000000,370
SBGB,D,20190515,000000,1032.0000000,1039.2000000,1020.2000000,1033.8000000,689
SBGB,D,20190516,000000,1039.6000000,1039.8000000,1032.8000000,1036.4000000,46307
SBGB,D,20190517,000000,1037.0000000,1038.4000000,1035.0000000,1038.4000000,33755
SBGB,D,20190520,000000,1039.4000000,1041.0000000,1037.6000000,1041.0000000,575
SBGB,D,20190521,000000,1040.0000000,1042.4000000,1038.8000000,1042.4000000,896
SBGB,D,20190522,000000,1050.0000000,1050.0000000,1041.6000000,1046.6000000,1396
SBGB,D,20190523,000000,1067.4000000,1067.4000000,1044.4000000,1045.4000000,1749
SBGB,D,20190524,000000,1059.2000000,1059.2000000,1044.4000000,1045.8000000,992
SBGB,D,20190527,000000,1057.4000000,1057.4000000,1024.8000000,1046.4000000,911
SBGB,D,20190528,000000,1050.0000000,1061.0000000,1045.2000000,1046.4000000,786
SBGB,D,20190529,000000,1045.0000000,1046.0000000,1043.6000000,1045.2000000,868
SBGB,D,20190530,000000,1050.0000000,1098.4000000,1035.6000000,1047.4000000,327
SBGB,D,20190531,000000,1050.0000000,1050.0000000,1045.0000000,1048.0000000,77852
SBGB,D,20190603,000000,1068.8000000,1068.8000000,1046.0000000,1047.6000000,631
SBGB,D,20190604,000000,1055.0000000,1059.8000000,1047.4000000,1049.4000000,234
SBGB,D,20190605,000000,1049.6000000,1052.2000000,1048.4000000,1052.0000000,1121
SBGB,D,20190606,000000,1053.0000000,1055.2000000,1053.0000000,1055.2000000,82467
SBGB,D,20190607,000000,1050.0000000,1058.8000000,1046.6000000,1056.2000000,300
SBGB,D,20190610,000000,1058.4000000,1059.4000000,1055.6000000,1059.4000000,1002
SBGB,D,20190611,000000,1051.0000000,1071.0000000,1051.0000000,1060.0000000,851
SBGB,D,20190613,000000,1061.6000000,1061.6000000,1058.6000000,1060.0000000,1279
SBGB,D,20190614,000000,1060.8000000,1061.6000000,1059.2000000,1061.6000000,228124
SBGB,D,20190617,000000,1078.4000000,1100.0000000,1057.2000000,1064.2000000,1003
SBGB,D,20190618,000000,1079.0000000,1089.4000000,1061.8000000,1064.0000000,1385
SBGB,D,20190619,000000,1064.0000000,1070.2000000,1064.0000000,1068.6000000,2321
SBGB,D,20190620,000000,1075.0000000,1078.4000000,1071.0000000,1077.8000000,1513
SBGB,D,20190621,000000,1073.2000000,1076.6000000,1073.0000000,1075.2000000,329
SBGB,D,20190624,000000,1070.2000000,1086.0000000,1070.0000000,1076.6000000,2096
SBGB,D,20190625,000000,1078.0000000,1078.0000000,1073.4000000,1077.2000000,1026
SBGB,D,20190626,000000,1070.0000000,1079.8000000,1070.0000000,1075.4000000,1596
SBGB,D,20190627,000000,1080.0000000,1082.6000000,1070.4000000,1075.2000000,201325
SBGB,D,20190628,000000,1082.0000000,1082.0000000,1072.4000000,1077.0000000,3088
SBGB,D,20190701,000000,1080.0000000,1085.0000000,1070.0000000,1079.4000000,2318
SBGB,D,20190702,000000,1080.0000000,1083.8000000,1072.6000000,1079.4000000,2078
SBGB,D,20190703,000000,1078.4000000,1078.4000000,1074.6000000,1078.4000000,1706
SBGB,D,20190704,000000,1078.0000000,1080.4000000,1074.4000000,1080.4000000,1904
SBGB,D,20190705,000000,1085.4000000,1085.4000000,1077.6000000,1081.0000000,633
SBGB,D,20190708,000000,1085.0000000,1085.4000000,1077.4000000,1080.6000000,703
SBGB,D,20190709,000000,1077.8000000,1084.8000000,1077.8000000,1081.8000000,1671
SBGB,D,20190710,000000,1075.8000000,1083.2000000,1075.8000000,1083.2000000,789
SBGB,D,20190711,000000,1083.8000000,1084.4000000,1081.2000000,1084.4000000,169
SBGB,D,20190712,000000,1081.4000000,1084.0000000,1079.4000000,1080.0000000,1820
SBGB,D,20190715,000000,1085.0000000,1085.0000000,1080.2000000,1082.6000000,1831
SBGB,D,20190716,000000,1085.2000000,1085.2000000,1080.2000000,1080.6000000,331358
SBGB,D,20190717,000000,1085.4000000,1098.0000000,1079.8000000,1082.8000000,1842
SBGB,D,20190718,000000,1080.2000000,1083.2000000,1079.2000000,1082.0000000,969
SBGB,D,20190719,000000,1084.8000000,1098.0000000,1080.0000000,1083.4000000,1395
SBGB,D,20190722,000000,1084.8000000,1086.8000000,1082.0000000,1083.8000000,175250
SBGB,D,20190723,000000,1082.2000000,1097.0000000,1082.2000000,1088.0000000,1135
SBGB,D,20190724,000000,1090.0000000,1098.0000000,1086.6000000,1090.0000000,891
SBGB,D,20190725,000000,1090.2000000,1092.4000000,1089.0000000,1092.4000000,3328
SBGB,D,20190726,000000,1098.0000000,1098.0000000,1089.2000000,1090.4000000,130448
SBGB,D,20190729,000000,1112.2000000,1112.2000000,1087.0000000,1089.4000000,357
SBGB,D,20190730,000000,1097.8000000,1098.0000000,1086.4000000,1089.2000000,2663
SBGB,D,20190731,000000,1088.8000000,1089.6000000,1086.2000000,1089.4000000,2560
SBGB,D,20190801,000000,1095.0000000,1095.0000000,1086.0000000,1088.4000000,109836
SBGB,D,20190802,000000,1086.4000000,1086.4000000,1077.6000000,1081.8000000,22928
SBGB,D,20190805,000000,1095.0000000,1097.0000000,1075.2000000,1086.6000000,46029
SBGB,D,20190806,000000,1082.6000000,1089.2000000,1082.2000000,1087.2000000,5613
SBGB,D,20190807,000000,1088.8000000,1090.4000000,1084.6000000,1089.8000000,1276
SBGB,D,20190808,000000,1085.6000000,1091.8000000,1085.6000000,1090.6000000,2212
SBGB,D,20190809,000000,1094.8000000,1094.8000000,1086.8000000,1087.0000000,898
SBGB,D,20190812,000000,1085.2000000,1091.8000000,1085.2000000,1089.8000000,73509
SBGB,D,20190813,000000,1085.2000000,1097.6000000,1085.2000000,1089.2000000,1157
SBGB,D,20190814,000000,1095.0000000,1095.0000000,1085.2000000,1087.2000000,3714
SBGB,D,20190815,000000,1090.2000000,1097.8000000,1085.6000000,1085.6000000,4062
SBGB,D,20190816,000000,1085.6000000,1097.0000000,1077.6000000,1089.0000000,1994
SBGB,D,20190819,000000,1085.0000000,1106.0000000,1085.0000000,1091.2000000,681
SBGB,D,20190820,000000,1095.0000000,1095.0000000,1087.6000000,1090.8000000,51872
SBGB,D,20190821,000000,1100.0000000,1108.0000000,1089.8000000,1097.0000000,911
SBGB,D,20190822,000000,1100.0000000,1100.0000000,1092.4000000,1099.0000000,397
SBGB,D,20190823,000000,1098.4000000,1099.4000000,1094.2000000,1099.0000000,151605
SBGB,D,20190826,000000,1100.0000000,1108.0000000,1093.8000000,1096.2000000,566
SBGB,D,20190827,000000,1094.2000000,1106.0000000,1094.2000000,1100.2000000,66353
SBGB,D,20190828,000000,1100.0000000,1108.0000000,1094.4000000,1099.8000000,1726
SBGB,D,20190829,000000,1104.8000000,1127.0000000,1096.0000000,1101.8000000,736
SBGB,D,20190830,000000,1146.2000000,1146.2000000,1097.0000000,1104.2000000,2176
SBGB,D,20190902,000000,1097.8000000,1132.2000000,1097.6000000,1102.6000000,2217
SBGB,D,20190903,000000,1109.8000000,1125.0000000,1101.4000000,1106.4000000,79200
SBGB,D,20190904,000000,1128.4000000,1128.4000000,1103.4000000,1110.0000000,77364
SBGB,D,20190905,000000,1109.6000000,1111.8000000,1109.6000000,1110.2000000,889
SBGB,D,20190906,000000,1110.0000000,1111.2000000,1106.0000000,1108.0000000,1829
SBGB,D,20190909,000000,1112.4000000,1112.4000000,1106.2000000,1110.4000000,2075
SBGB,D,20190910,000000,1105.4000000,1120.0000000,1105.4000000,1120.0000000,45682
SBGB,D,20190911,000000,1115.2000000,1117.2000000,1105.6000000,1108.0000000,51181
SBGB,D,20190912,000000,1115.0000000,1116.4000000,1110.0000000,1112.0000000,788
SBGB,D,20190913,000000,1107.0000000,1113.0000000,1107.0000000,1107.8000000,1758
SBGB,D,20190916,000000,1106.4000000,1114.8000000,1106.4000000,1108.6000000,2569
SBGB,D,20190917,000000,1106.2000000,1114.0000000,1106.0000000,1111.6000000,96184
SBGB,D,20190918,000000,1114.8000000,1114.8000000,1107.4000000,1111.6000000,1666
SBGB,D,20190919,000000,1112.4000000,1113.6000000,1108.8000000,1113.2000000,1201
SBGB,D,20190920,000000,1113.8000000,1114.2000000,1109.2000000,1114.0000000,89619
SBGB,D,20190923,000000,1110.0000000,1116.4000000,1109.6000000,1113.0000000,3453
SBGB,D,20190924,000000,1107.0000000,1115.4000000,1107.0000000,1110.2000000,37462
SBGB,D,20190925,000000,1113.0000000,1114.4000000,1110.4000000,1114.4000000,30191
SBGB,D,20190926,000000,1114.8000000,1116.2000000,1106.2000000,1112.0000000,17284
SBGB,D,20190927,000000,1134.4000000,1144.8000000,1111.0000000,1112.0000000,2546
SBGB,D,20190930,000000,1114.8000000,1116.0000000,1111.2000000,1115.4000000,31296
SBGB,D,20191001,000000,1115.2000000,1120.0000000,1110.6000000,1110.6000000,1772
SBGB,D,20191002,000000,1110.2000000,1115.6000000,1110.2000000,1115.6000000,3123
SBGB,D,20191003,000000,1115.4000000,1116.0000000,1110.6000000,1115.0000000,78863
SBGB,D,20191004,000000,1120.0000000,1125.0000000,1111.2000000,1117.0000000,22927
SBGB,D,20191007,000000,1115.0000000,1121.8000000,1114.2000000,1121.6000000,1637
SBGB,D,20191008,000000,1122.6000000,1126.2000000,1121.0000000,1125.0000000,1791
SBGB,D,20191009,000000,1120.0000000,1126.2000000,1120.0000000,1126.0000000,34353
SBGB,D,20191010,000000,1121.2000000,1131.6000000,1121.2000000,1131.6000000,1693
SBGB,D,20191011,000000,1125.0000000,1135.0000000,1125.0000000,1134.0000000,9919
SBGB,D,20191014,000000,1125.2000000,1136.2000000,1115.0000000,1136.0000000,69925
SBGB,D,20191015,000000,1136.2000000,1149.6000000,1130.0000000,1133.2000000,2981
SBGB,D,20191016,000000,1137.6000000,1137.6000000,1132.4000000,1136.8000000,31319
SBGB,D,20191017,000000,1135.0000000,1146.0000000,1135.0000000,1137.8000000,58048
SBGB,D,20191018,000000,1144.8000000,1144.8000000,1137.6000000,1142.0000000,3823
SBGB,D,20191021,000000,1148.8000000,1148.8000000,1136.2000000,1146.6000000,33889
SBGB,D,20191022,000000,1150.0000000,1154.4000000,1147.0000000,1148.4000000,1201
SBGB,D,20191023,000000,1153.4000000,1153.4000000,1146.2000000,1150.6000000,7229
SBGB,D,20191024,000000,1149.0000000,1150.2000000,1145.6000000,1148.2000000,1886
SBGB,D,20191025,000000,1144.6000000,1154.6000000,1144.6000000,1150.0000000,96117
SBGB,D,20191028,000000,1157.0000000,1157.0000000,1145.4000000,1156.4000000,66645
SBGB,D,20191029,000000,1155.8000000,1156.6000000,1152.0000000,1155.4000000,2664
SBGB,D,20191030,000000,1155.4000000,1157.0000000,1151.4000000,1155.0000000,4214
SBGB,D,20191031,000000,1155.6000000,1155.6000000,1149.6000000,1153.2000000,3278
SBGB,D,20191101,000000,1155.4000000,1155.6000000,1154.0000000,1155.0000000,1112
SBGB,D,20191105,000000,1152.2000000,1159.4000000,1152.0000000,1159.4000000,1729
SBGB,D,20191106,000000,1159.6000000,1160.0000000,1154.0000000,1156.0000000,23426
SBGB,D,20191107,000000,1154.0000000,1158.0000000,1154.0000000,1157.0000000,3042
SBGB,D,20191108,000000,1160.0000000,1160.0000000,1155.8000000,1156.2000000,91665
SBGB,D,20191111,000000,1159.0000000,1159.8000000,1151.4000000,1153.4000000,104710
SBGB,D,20191112,000000,1153.0000000,1154.6000000,1151.0000000,1151.0000000,1039
SBGB,D,20191113,000000,1150.2000000,1153.0000000,1147.2000000,1149.0000000,51472
SBGB,D,20191114,000000,1150.2000000,1151.2000000,1147.0000000,1151.2000000,6303
SBGB,D,20191115,000000,1147.2000000,1153.4000000,1147.2000000,1151.6000000,1008
SBGB,D,20191118,000000,1148.0000000,1154.4000000,1147.0000000,1154.2000000,7270
SBGB,D,20191119,000000,1156.8000000,1157.4000000,1150.2000000,1157.0000000,2066
SBGB,D,20191120,000000,1158.8000000,1158.8000000,1154.2000000,1158.0000000,3568
SBGB,D,20191121,000000,1156.4000000,1159.4000000,1156.0000000,1159.4000000,1233
SBGB,D,20191122,000000,1155.0000000,1161.8000000,1152.6000000,1159.8000000,5117
SBGB,D,20191125,000000,1160.0000000,1161.4000000,1158.4000000,1159.2000000,193319
SBGB,D,20191126,000000,1159.4000000,1159.6000000,1156.0000000,1158.8000000,3174
SBGB,D,20191127,000000,1157.4000000,1160.2000000,1156.4000000,1159.4000000,3442
SBGB,D,20191128,000000,1160.8000000,1160.8000000,1156.8000000,1158.0000000,75022
SBGB,D,20191129,000000,1156.2000000,1160.8000000,1156.0000000,1157.6000000,581
SBGB,D,20191202,000000,1156.8000000,1159.0000000,1154.4000000,1156.6000000,2371
SBGB,D,20191203,000000,1157.0000000,1158.2000000,1155.2000000,1155.4000000,5555
SBGB,D,20191204,000000,1158.2000000,1158.2000000,1155.8000000,1156.4000000,909
SBGB,D,20191205,000000,1157.0000000,1159.8000000,1156.4000000,1156.6000000,5164
SBGB,D,20191206,000000,1158.8000000,1160.0000000,1157.2000000,1157.2000000,201435
SBGB,D,20191209,000000,1160.2000000,1160.6000000,1158.4000000,1160.0000000,2897
SBGB,D,20191210,000000,1162.6000000,1162.6000000,1158.0000000,1158.2000000,5225
SBGB,D,20191211,000000,1162.4000000,1162.4000000,1159.2000000,1160.2000000,186541
SBGB,D,20191212,000000,1165.0000000,1165.0000000,1158.4000000,1162.2000000,6799
SBGB,D,20191213,000000,1165.0000000,1170.0000000,1160.0000000,1165.0000000,5949
SBGB,D,20191216,000000,1163.4000000,1165.4000000,1161.4000000,1163.0000000,4991
SBGB,D,20191217,000000,1165.0000000,1166.4000000,1162.6000000,1165.0000000,2548
SBGB,D,20191218,000000,1165.2000000,1166.6000000,1165.0000000,1166.2000000,153084
SBGB,D,20191219,000000,1162.4000000,1166.8000000,1161.4000000,1165.2000000,7179
SBGB,D,20191220,000000,1165.6000000,1166.2000000,1161.2000000,1163.0000000,1665
SBGB,D,20191223,000000,1162.4000000,1166.4000000,1162.2000000,1165.6000000,3177
SBGB,D,20191224,000000,1165.0000000,1167.0000000,1163.0000000,1166.8000000,9828
SBGB,D,20191225,000000,1167.2000000,1168.4000000,1162.8000000,1168.0000000,131081
SBGB,D,20191226,000000,1169.2000000,1169.4000000,1168.0000000,1169.4000000,4576
SBGB,D,20191227,000000,1167.8000000,1170.8000000,1165.6000000,1169.2000000,10624
SBGB,D,20191230,000000,1173.6000000,1174.6000000,1163.6000000,1169.4000000,4129
SBGB,D,20200103,000000,1173.4000000,1173.8000000,1169.4000000,1173.4000000,1940
SBGB,D,20200106,000000,1174.4000000,1174.4000000,1162.0000000,1174.0000000,1288
SBGB,D,20200108,000000,1166.0000000,1177.4000000,1165.2000000,1177.4000000,3523
SBGB,D,20200109,000000,1170.4000000,1174.2000000,1162.0000000,1174.2000000,8283
SBGB,D,20200110,000000,1174.0000000,1180.2000000,1172.2000000,1180.2000000,1880
SBGB,D,20200113,000000,1180.8000000,1187.0000000,1180.2000000,1186.8000000,6742
SBGB,D,20200114,000000,1184.4000000,1185.4000000,1181.0000000,1184.4000000,15212
SBGB,D,20200115,000000,1190.0000000,1190.0000000,1180.6000000,1182.6000000,1911
SBGB,D,20200116,000000,1190.0000000,1190.0000000,1182.0000000,1183.4000000,112496
SBGB,D,20200117,000000,1190.0000000,1190.0000000,1180.2000000,1184.4000000,12607
SBGB,D,20200120,000000,1183.2000000,1186.2000000,1182.4000000,1185.4000000,4280
SBGB,D,20200121,000000,1183.6000000,1185.6000000,1181.0000000,1185.0000000,6780
SBGB,D,20200122,000000,1185.6000000,1185.6000000,1182.0000000,1185.0000000,3343
SBGB,D,20200123,000000,1181.6000000,1185.8000000,1181.6000000,1184.8000000,5719
SBGB,D,20200124,000000,1185.6000000,1187.6000000,1182.4000000,1185.2000000,11031
SBGB,D,20200127,000000,1186.8000000,1186.8000000,1178.6000000,1181.8000000,7522
SBGB,D,20200128,000000,1180.6000000,1183.2000000,1179.8000000,1181.0000000,9300
SBGB,D,20200129,000000,1183.2000000,1184.8000000,1180.2000000,1183.2000000,12507
SBGB,D,20200130,000000,1181.0000000,1186.6000000,1180.0000000,1183.0000000,3167
SBGB,D,20200131,000000,1185.0000000,1186.0000000,1183.2000000,1184.2000000,203027
SBGB,D,20200203,000000,1185.2000000,1185.2000000,1180.0000000,1183.4000000,9761
SBGB,D,20200204,000000,1179.0000000,1185.0000000,1177.2000000,1185.0000000,4428
SBGB,D,20200205,000000,1185.0000000,1187.4000000,1183.4000000,1187.4000000,15671
SBGB,D,20200206,000000,1187.0000000,1191.0000000,1185.4000000,1187.4000000,2139
SBGB,D,20200207,000000,1211.0000000,1211.0000000,1186.2000000,1190.6000000,155241
SBGB,D,20200210,000000,1195.0000000,1195.0000000,1186.8000000,1187.4000000,25924
SBGB,D,20200211,000000,1188.0000000,1192.8000000,1188.0000000,1192.8000000,6395
SBGB,D,20200212,000000,1195.0000000,1199.4000000,1190.4000000,1194.0000000,2995
SBGB,D,20200213,000000,1195.4000000,1197.0000000,1191.0000000,1191.0000000,8620
SBGB,D,20200214,000000,1191.8000000,1198.2000000,1191.8000000,1198.2000000,510496
SBGB,D,20200217,000000,1200.0000000,1200.4000000,1194.8000000,1200.0000000,4698
SBGB,D,20200218,000000,1198.2000000,1208.6000000,1197.0000000,1199.2000000,8488
SBGB,D,20200219,000000,1206.0000000,1208.2000000,1199.6000000,1202.0000000,6636
SBGB,D,20200220,000000,1204.0000000,1204.0000000,1202.0000000,1203.8000000,2534
SBGB,D,20200221,000000,1204.0000000,1210.0000000,1200.0000000,1204.6000000,296803
SBGB,D,20200225,000000,1200.8000000,1205.0000000,1195.6000000,1200.4000000,13176
SBGB,D,20200226,000000,1197.8000000,1198.0000000,1192.0000000,1195.2000000,9699
SBGB,D,20200227,000000,1190.4000000,1194.8000000,1188.0000000,1190.0000000,10536
SBGB,D,20200228,000000,1187.4000000,1187.4000000,1165.0000000,1170.8000000,23013
SBGB,D,20200302,000000,1173.2000000,1193.8000000,1149.4000000,1178.0000000,207468
SBGB,D,20200303,000000,1180.0000000,1186.8000000,1161.0000000,1185.0000000,12417
SBGB,D,20200304,000000,1187.0000000,1196.0000000,1180.2000000,1194.0000000,4512
SBGB,D,20200305,000000,1195.0000000,1200.8000000,1194.2000000,1194.2000000,10660
SBGB,D,20200306,000000,1200.0000000,1200.0000000,1170.4000000,1177.8000000,11450
SBGB,D,20200310,000000,1155.0000000,1155.0000000,1075.4000000,1145.0000000,7319
SBGB,D,20200311,000000,1144.6000000,1148.0000000,1133.2000000,1140.6000000,15162
SBGB,D,20200312,000000,1091.2000000,1140.4000000,1090.2000000,1090.2000000,14636
SBGB,D,20200313,000000,1068.4000000,1130.0000000,1010.4000000,1100.0000000,13025
SBGB,D,20200316,000000,1100.2000000,1100.2000000,1056.6000000,1087.6000000,4152
SBGB,D,20200317,000000,1090.0000000,1096.4000000,1086.4000000,1086.4000000,37487
SBGB,D,20200318,000000,1090.4000000,1098.8000000,1074.4000000,1074.6000000,5133
SBGB,D,20200319,000000,1096.0000000,1096.2000000,1065.0000000,1085.6000000,272765
SBGB,D,20200320,000000,1098.8000000,1125.8000000,1098.8000000,1102.8000000,24788
SBGB,D,20200323,000000,1080.8000000,1112.2000000,1048.4000000,1110.6000000,1214
SBGB,D,20200324,000000,1090.2000000,1138.6000000,1090.0000000,1132.0000000,1568
SBGB,D,20200325,000000,1147.4000000,1148.4000000,1132.2000000,1132.6000000,37715
SBGB,D,20200326,000000,1092.2000000,1145.6000000,1092.2000000,1136.0000000,20617
SBGB,D,20200327,000000,1158.6000000,1158.6000000,1134.8000000,1150.0000000,13280
SBGB,D,20200330,000000,1157.0000000,1159.6000000,1103.6000000,1145.0000000,116324
SBGB,D,20200331,000000,1159.0000000,1159.0000000,1136.0000000,1156.8000000,13354
SBGB,D,20200401,000000,1158.8000000,1159.0000000,1151.4000000,1157.6000000,1566
SBGB,D,20200402,000000,1159.8000000,1161.4000000,1151.0000000,1154.8000000,4156
SBGB,D,20200403,000000,1155.6000000,1158.2000000,1151.0000000,1158.2000000,3405
SBGB,D,20200406,000000,1177.0000000,1177.0000000,1154.0000000,1162.2000000,5555
SBGB,D,20200407,000000,1167.6000000,1176.0000000,1158.6000000,1159.0000000,2202
SBGB,D,20200408,000000,1141.4000000,1167.2000000,1141.4000000,1166.8000000,502119
SBGB,D,20200409,000000,1190.0000000,1190.0000000,1150.6000000,1169.4000000,2883
SBGB,D,20200410,000000,1192.6000000,1194.8000000,1161.2000000,1170.4000000,243214
SBGB,D,20200413,000000,1172.8000000,1172.8000000,1166.0000000,1168.4000000,5600
SBGB,D,20200414,000000,1174.8000000,1174.8000000,1163.2000000,1169.0000000,3409
SBGB,D,20200415,000000,1166.0000000,1169.4000000,1162.4000000,1163.0000000,17770
SBGB,D,20200416,000000,1175.0000000,1176.0000000,1163.2000000,1171.2000000,1132
SBGB,D,20200417,000000,1175.8000000,1187.2000000,1169.6000000,1187.0000000,107324
SBGB,D,20200420,000000,1189.8000000,1200.0000000,1189.6000000,1198.8000000,9868
SBGB,D,20200421,000000,1180.6000000,1199.4000000,1180.6000000,1191.2000000,2997
SBGB,D,20200422,000000,1215.0000000,1215.0000000,1188.2000000,1195.0000000,9554
SBGB,D,20200423,000000,1200.0000000,1215.0000000,1190.8000000,1205.6000000,19063
SBGB,D,20200424,000000,1200.0000000,1214.8000000,1190.6000000,1206.2000000,8327
SBGB,D,20200427,000000,1215.0000000,1215.0000000,1206.4000000,1210.0000000,3847
SBGB,D,20200428,000000,1209.4000000,1210.4000000,1203.8000000,1210.4000000,9001
SBGB,D,20200429,000000,1212.0000000,1217.0000000,1205.6000000,1207.0000000,13736
SBGB,D,20200430,000000,1210.0000000,1216.2000000,1205.2000000,1210.4000000,2708
SBGB,D,20200504,000000,1217.0000000,1217.0000000,1207.2000000,1210.0000000,1461
SBGB,D,20200505,000000,1192.8000000,1214.0000000,1192.8000000,1213.4000000,1711
SBGB,D,20200506,000000,1210.0000000,1214.4000000,1206.2000000,1210.6000000,10778
SBGB,D,20200507,000000,1216.6000000,1216.8000000,1200.6000000,1211.0000000,2380
SBGB,D,20200508,000000,1205.2000000,1219.2000000,1205.2000000,1219.0000000,2934
SBGB,D,20200512,000000,1217.0000000,1267.6000000,1215.0000000,1228.4000000,15234
SBGB,D,20200513,000000,1224.2000000,1250.0000000,1224.2000000,1230.6000000,30839
SBGB,D,20200514,000000,1245.2000000,1245.2000000,1224.4000000,1225.0000000,12473
SBGB,D,20200515,000000,1235.0000000,1244.0000000,1228.0000000,1244.0000000,6459
SBGB,D,20200518,000000,1240.2000000,1257.0000000,1240.2000000,1253.0000000,7290
SBGB,D,20200519,000000,1277.8000000,1277.8000000,1240.0000000,1249.0000000,3498
SBGB,D,20200520,000000,1255.0000000,1255.0000000,1245.0000000,1251.2000000,10829
SBGB,D,20200521,000000,1245.2000000,1260.0000000,1245.0000000,1250.0000000,4529
SBGB,D,20200522,000000,1263.0000000,1275.0000000,1252.0000000,1253.2000000,35930
SBGB,D,20200525,000000,1303.6000000,1303.6000000,1248.2000000,1253.8000000,10632
SBGB,D,20200526,000000,1264.0000000,1264.0000000,1248.8000000,1254.0000000,3162
SBGB,D,20200527,000000,1262.6000000,1266.0000000,1246.2000000,1248.0000000,9848
SBGB,D,20200528,000000,1263.0000000,1263.0000000,1220.4000000,1247.8000000,17147
SBGB,D,20200529,000000,1230.8000000,1255.4000000,1230.8000000,1248.0000000,7705
SBGB,D,20200601,000000,1259.0000000,1259.0000000,1243.6000000,1252.0000000,2843
SBGB,D,20200602,000000,1252.2000000,1254.2000000,1247.2000000,1248.2000000,10427
SBGB,D,20200603,000000,1248.2000000,1262.0000000,1235.4000000,1250.2000000,5714
SBGB,D,20200604,000000,1250.2000000,1253.8000000,1245.0000000,1246.0000000,61024
SBGB,D,20200605,000000,1241.6000000,1247.0000000,1238.2000000,1243.0000000,9366
SBGB,D,20200608,000000,1235.2000000,1251.6000000,1226.4000000,1243.4000000,3858
SBGB,D,20200609,000000,1238.0000000,1254.8000000,1232.4000000,1239.8000000,9932
SBGB,D,20200610,000000,1247.6000000,1248.2000000,1240.6000000,1248.0000000,1932
SBGB,D,20200611,000000,1253.6000000,1253.6000000,1241.4000000,1246.8000000,8487
SBGB,D,20200615,000000,1247.2000000,1252.0000000,1240.2000000,1247.0000000,4938
SBGB,D,20200616,000000,1245.2000000,1250.4000000,1243.6000000,1245.4000000,2706
SBGB,D,20200617,000000,1251.0000000,1252.8000000,1245.2000000,1252.0000000,9063
SBGB,D,20200618,000000,1252.0000000,1254.6000000,1247.4000000,1254.4000000,958
SBGB,D,20200619,000000,1249.0000000,1260.0000000,1249.0000000,1257.8000000,8249
SBGB,D,20200622,000000,1251.6000000,1259.8000000,1247.6000000,1255.0000000,14450
SBGB,D,20200623,000000,1260.0000000,1260.0000000,1247.2000000,1251.6000000,10232
SBGB,D,20200625,000000,1248.0000000,1255.0000000,1243.4000000,1248.4000000,3047
SBGB,D,20200626,000000,1249.8000000,1256.0000000,1242.0000000,1248.6000000,9550
SBGB,D,20200629,000000,1257.2000000,1257.2000000,1244.2000000,1247.0000000,2071
SBGB,D,20200630,000000,1251.8000000,1251.8000000,1240.0000000,1241.0000000,152250
SBGB,D,20200702,000000,1227.4000000,1247.8000000,1227.4000000,1242.4000000,12487
SBGB,D,20200703,000000,1242.8000000,1242.8000000,1235.2000000,1236.4000000,4930
SBGB,D,20200706,000000,1235.0000000,1249.8000000,1226.6000000,1234.8000000,12673
SBGB,D,20200707,000000,1255.0000000,1255.0000000,1230.0000000,1237.4000000,3880
SBGB,D,20200708,000000,1226.6000000,1263.4000000,1222.2000000,1243.2000000,37917
SBGB,D,20200709,000000,1233.4000000,1248.4000000,1233.2000000,1242.0000000,2344
SBGB,D,20200710,000000,1248.4000000,1248.4000000,1240.6000000,1241.4000000,1458
SBGB,D,20200713,000000,1240.2000000,1248.6000000,1240.2000000,1248.0000000,65893
SBGB,D,20200714,000000,1248.8000000,1248.8000000,1241.0000000,1248.0000000,3914
SBGB,D,20200715,000000,1241.2000000,1250.4000000,1241.2000000,1247.4000000,11438
SBGB,D,20200716,000000,1255.0000000,1258.8000000,1242.6000000,1243.8000000,912
SBGB,D,20200717,000000,1242.4000000,1247.4000000,1241.4000000,1247.0000000,108481
SBGB,D,20200720,000000,1251.8000000,1251.8000000,1242.4000000,1249.4000000,11929
SBGB,D,20200721,000000,1249.2000000,1252.0000000,1229.6000000,1251.4000000,7425
SBGB,D,20200722,000000,1251.8000000,1254.8000000,1248.4000000,1249.4000000,1324
SBGB,D,20200723,000000,1252.6000000,1254.8000000,1248.4000000,1251.6000000,6142
SBGB,D,20200724,000000,1250.2000000,1252.4000000,1245.8000000,1251.2000000,1897
SBGB,D,20200727,000000,1254.8000000,1258.2000000,1243.8000000,1251.0000000,96441
SBGB,D,20200728,000000,1244.4000000,1252.2000000,1244.4000000,1249.4000000,4107
SBGB,D,20200729,000000,1247.6000000,1249.4000000,1242.4000000,1244.2000000,8401
SBGB,D,20200730,000000,1236.0000000,1248.8000000,1236.0000000,1243.2000000,2983
SBGB,D,20200731,000000,1240.0000000,1247.0000000,1234.8000000,1246.4000000,113124
SBGB,D,20200803,000000,1248.0000000,1248.0000000,1241.0000000,1245.0000000,2694
SBGB,D,20200804,000000,1239.6000000,1249.8000000,1239.6000000,1249.6000000,4253
SBGB,D,20200805,000000,1249.6000000,1249.8000000,1224.2000000,1243.6000000,42924
SBGB,D,20200806,000000,1250.8000000,1250.8000000,1243.8000000,1245.2000000,1860
SBGB,D,20200807,000000,1240.0000000,1248.0000000,1240.0000000,1246.8000000,107445
SBGB,D,20200810,000000,1250.8000000,1250.8000000,1242.6000000,1246.0000000,1972
SBGB,D,20200811,000000,1237.0000000,1248.6000000,1230.8000000,1245.4000000,10399
SBGB,D,20200812,000000,1245.0000000,1248.0000000,1244.2000000,1247.6000000,2034
SBGB,D,20200813,000000,1244.6000000,1249.2000000,1241.8000000,1245.0000000,183585
SBGB,D,20200814,000000,1241.6000000,1248.8000000,1238.2000000,1239.0000000,1878
SBGB,D,20200817,000000,1245.4000000,1245.4000000,1230.8000000,1234.8000000,11312
SBGB,D,20200818,000000,1242.2000000,1242.2000000,1227.4000000,1230.0000000,1781
SBGB,D,20200819,000000,1237.0000000,1239.2000000,1232.2000000,1236.4000000,257944
SBGB,D,20200820,000000,1230.0000000,1239.0000000,1230.0000000,1234.6000000,12589
SBGB,D,20200821,000000,1237.2000000,1237.8000000,1231.6000000,1234.0000000,3703
SBGB,D,20200824,000000,1238.2000000,1238.2000000,1225.6000000,1233.6000000,17512
SBGB,D,20200825,000000,1230.2000000,1238.0000000,1225.4000000,1232.8000000,4940
SBGB,D,20200826,000000,1230.2000000,1234.8000000,1230.0000000,1233.0000000,37605
SBGB,D,20200827,000000,1230.2000000,1237.4000000,1230.2000000,1234.4000000,367248
SBGB,D,20200828,000000,1236.4000000,1239.0000000,1236.2000000,1238.6000000,3518
SBGB,D,20200831,000000,1232.0000000,1240.2000000,1229.0000000,1238.2000000,10733
SBGB,D,20200901,000000,1228.0000000,1242.6000000,1228.0000000,1242.0000000,2182
SBGB,D,20200902,000000,1235.4000000,1242.4000000,1235.4000000,1239.8000000,69962
SBGB,D,20200903,000000,1240.6000000,1240.6000000,1232.6000000,1235.0000000,16872